EBT Packet Time	tracking	tracking time(s)	T[0,0]	T[0,1]	T[0,2]	T[0,3]	T[1,0]	T[1,1]	T[1,2]	T[1,3]	T[2,0]	T[2,1]	T[2,2]	T[2,3]	T[3,0]	T[3,1]	T[3,2]	T[3,3]	Frame Time(ms)	KUKA Data Time	x	y	z	a	b	c
1464723493.857457	0	0.41793	0.999000	0.038000	0.015000	-0.422000	-0.040000	0.986000	0.161000	0.053000	-0.009000	-0.162000	0.987000	2.173000	0.000000	0.000000	0.000000	1.000000	21146	1464723493.856238	86.641600	225.588400	-53.274900	3.570500	-6.638400	1.755900	
1464723494.305806	0	0.44781	0.999000	0.038000	0.015000	-0.422000	-0.040000	0.986000	0.161000	0.053000	-0.009000	-0.162000	0.987000	2.173000	0.000000	0.000000	0.000000	1.000000	448	1464723494.300263	67.880600	328.291700	-41.722100	2.794300	-5.201500	1.412500	
1464723494.634595	0	0.32755	0.999000	0.038000	0.015000	-0.422000	-0.040000	0.986000	0.161000	0.053000	-0.009000	-0.162000	0.987000	2.173000	0.000000	0.000000	0.000000	1.000000	329	1464723494.624263	53.041600	409.496700	-32.610300	2.184700	-4.064000	1.127800	
1464723494.946528	0	0.31085	0.999000	0.038000	0.015000	-0.422000	-0.040000	0.986000	0.161000	0.053000	-0.009000	-0.162000	0.987000	2.173000	0.000000	0.000000	0.000000	1.000000	311	1464723494.936167	40.732200	477.215800	-25.082200	1.663600	-3.107800	0.895000	
1464723495.287679	0	0.34021	0.999000	0.038000	0.015000	-0.422000	-0.040000	0.986000	0.161000	0.053000	-0.009000	-0.162000	0.987000	2.173000	0.000000	0.000000	0.000000	1.000000	341	1464723495.284171	38.654100	488.369100	-23.820700	1.580800	-2.958400	0.843600	
1464723495.638903	0	0.34939	0.999000	0.038000	0.015000	-0.422000	-0.040000	0.986000	0.161000	0.053000	-0.009000	-0.162000	0.987000	2.173000	0.000000	0.000000	0.000000	1.000000	350	1464723495.632246	38.618800	488.507900	-23.793300	1.584000	-2.960200	0.836700	
1464723495.976892	0	0.33635	0.999000	0.038000	0.015000	-0.422000	-0.040000	0.986000	0.161000	0.053000	-0.009000	-0.162000	0.987000	2.173000	0.000000	0.000000	0.000000	1.000000	338	1464723495.968278	38.528800	488.882900	-23.722500	1.586300	-2.961500	0.823300	
1464723496.303824	0	0.32560	0.999000	0.038000	0.015000	-0.422000	-0.040000	0.986000	0.161000	0.053000	-0.009000	-0.162000	0.987000	2.173000	0.000000	0.000000	0.000000	1.000000	327	1464723496.292192	30.475900	532.846300	-18.748600	1.252900	-2.341200	0.665500	
1464723496.647213	0	0.34233	0.999000	0.038000	0.015000	-0.422000	-0.040000	0.986000	0.161000	0.053000	-0.009000	-0.162000	0.987000	2.173000	0.000000	0.000000	0.000000	1.000000	343	1464723496.640183	20.125500	589.741300	-12.374800	0.825300	-1.541300	0.449100	
1464723496.968041	0	0.31971	0.999000	0.038000	0.015000	-0.422000	-0.040000	0.986000	0.161000	0.053000	-0.009000	-0.162000	0.987000	2.173000	0.000000	0.000000	0.000000	1.000000	320	1464723496.964179	11.388000	631.867900	-7.504200	0.505500	-0.968200	0.295400	
1464723497.284108	0	0.31482	0.999000	0.038000	0.015000	-0.422000	-0.040000	0.986000	0.161000	0.053000	-0.009000	-0.162000	0.987000	2.173000	0.000000	0.000000	0.000000	1.000000	315	1464723497.276230	-5.324400	657.732600	-1.622600	0.196000	-0.684500	0.246300	
1464723497.606479	0	0.32061	0.999000	0.038000	0.015000	-0.422000	-0.040000	0.986000	0.161000	0.053000	-0.009000	-0.162000	0.987000	2.173000	0.000000	0.000000	0.000000	1.000000	322	1464723497.600253	-24.987800	667.097100	7.130100	-0.135500	-0.489300	0.051400	
1464723497.927217	0	0.31956	0.999000	0.038000	0.015000	-0.422000	-0.040000	0.986000	0.161000	0.053000	-0.009000	-0.162000	0.987000	2.173000	0.000000	0.000000	0.000000	1.000000	320	1464723497.924135	-46.855600	656.953800	17.004100	-0.459100	-0.566600	-0.184300	
1464723498.247218	0	0.31872	0.999000	0.038000	0.015000	-0.422000	-0.040000	0.986000	0.161000	0.053000	-0.009000	-0.162000	0.987000	2.173000	0.000000	0.000000	0.000000	1.000000	320	1464723498.236150	-69.229300	636.590100	24.324100	-0.664000	-0.801900	-0.272500	
1464723498.568177	0	0.31986	0.999000	0.038000	0.015000	-0.422000	-0.040000	0.986000	0.161000	0.053000	-0.009000	-0.162000	0.987000	2.173000	0.000000	0.000000	0.000000	1.000000	320	1464723498.560221	-92.533400	615.228200	31.352400	-0.861800	-1.023800	-0.351900	
1464723498.898808	0	0.32955	0.999000	0.038000	0.015000	-0.422000	-0.040000	0.986000	0.161000	0.053000	-0.009000	-0.162000	0.987000	2.173000	0.000000	0.000000	0.000000	1.000000	330	1464723498.896122	-116.821000	592.965500	38.023000	-1.053800	-1.231700	-0.428500	
1464723499.226466	0	0.32637	0.999000	0.038000	0.015000	-0.422000	-0.040000	0.986000	0.161000	0.053000	-0.009000	-0.162000	0.987000	2.173000	0.000000	0.000000	0.000000	1.000000	327	1464723499.220179	-140.315800	571.352000	43.860700	-1.226700	-1.409300	-0.492900	
1464723499.543479	0	0.31599	0.999000	0.038000	0.015000	-0.422000	-0.040000	0.986000	0.161000	0.053000	-0.009000	-0.162000	0.987000	2.173000	0.000000	0.000000	0.000000	1.000000	316	1464723499.532190	-163.000500	550.407800	48.935400	-1.378800	-1.560000	-0.547100	
1464723499.862660	0	0.31835	0.999000	0.038000	0.015000	-0.422000	-0.040000	0.986000	0.161000	0.053000	-0.009000	-0.162000	0.987000	2.173000	0.000000	0.000000	0.000000	1.000000	319	1464723499.856185	-186.618400	528.541100	53.636700	-1.523600	-1.696100	-0.597500	
1464723500.191640	0	0.32722	0.999000	0.038000	0.015000	-0.422000	-0.040000	0.986000	0.161000	0.053000	-0.009000	-0.162000	0.987000	2.173000	0.000000	0.000000	0.000000	1.000000	328	1464723500.180135	-210.277900	506.584300	57.746600	-1.654300	-1.811300	-0.640900	
1464723500.566305	0	0.37307	0.999000	0.038000	0.015000	-0.422000	-0.040000	0.986000	0.161000	0.053000	-0.009000	-0.162000	0.987000	2.173000	0.000000	0.000000	0.000000	1.000000	374	1464723500.564165	-238.346600	480.416900	61.858900	-1.788500	-1.921300	-0.683500	
1464723500.889331	0	0.32225	0.999000	0.038000	0.015000	-0.422000	-0.040000	0.986000	0.161000	0.053000	-0.009000	-0.162000	0.987000	2.173000	0.000000	0.000000	0.000000	1.000000	323	1464723500.888088	-262.045500	458.234000	64.678700	-1.885100	-1.991900	-0.712100	
1464723501.217827	0	0.32731	0.999000	0.038000	0.015000	-0.422000	-0.040000	0.986000	0.161000	0.053000	-0.009000	-0.162000	0.987000	2.173000	0.000000	0.000000	0.000000	1.000000	328	1464723501.212079	-285.751000	435.928000	66.905900	-1.966500	-2.043300	-0.732300	
1464723501.537684	0	0.31895	0.999000	0.038000	0.015000	-0.422000	-0.040000	0.986000	0.161000	0.053000	-0.009000	-0.162000	0.987000	2.173000	0.000000	0.000000	0.000000	1.000000	319	1464723501.536201	-309.447700	413.562800	68.540300	-2.030900	-2.075100	-0.748600	
1464723501.856466	0	0.31751	0.999000	0.038000	0.015000	-0.422000	-0.040000	0.986000	0.161000	0.053000	-0.009000	-0.162000	0.987000	2.173000	0.000000	0.000000	0.000000	1.000000	319	1464723501.848103	-332.234800	391.930400	69.544300	-2.076500	-2.088200	-0.756300	
1464723502.182255	0	0.32449	0.999000	0.038000	0.015000	-0.422000	-0.040000	0.986000	0.161000	0.053000	-0.009000	-0.162000	0.987000	2.173000	0.000000	0.000000	0.000000	1.000000	325	1464723502.172047	-355.869400	369.380400	70.004600	-2.107400	-2.083600	-0.758000	
1464723502.541480	0	0.35817	0.999000	0.038000	0.015000	-0.422000	-0.040000	0.986000	0.161000	0.053000	-0.009000	-0.162000	0.987000	2.173000	0.000000	0.000000	0.000000	1.000000	359	1464723502.532185	-382.078500	344.230500	69.813300	-2.120600	-2.057500	-0.752800	
1464723502.952095	1	0.40896	0.999474	0.012207	0.030041	-0.199842	-0.014876	0.995805	0.090281	-0.188857	-0.028812	-0.090680	0.995463	2.051893	0.000000	0.000000	0.000000	1.000000	410	1464723502.952114	-412.544500	314.770000	68.641800	-2.106900	-1.999800	-0.735600	
1464723502.990243	1	0.44721	0.999626	0.012944	0.024074	-0.197739	-0.015341	0.994644	0.102212	-0.189364	-0.022622	-0.102543	0.994471	2.052672	0.000000	0.000000	0.000000	1.000000	38	1464723502.988000	-415.149200	312.235700	68.493300	-2.104000	-1.993500	-0.733100	
1464723503.033258	1	0.49022	0.999737	0.012838	0.018988	-0.198100	-0.014928	0.993327	0.114361	-0.190924	-0.017393	-0.114614	0.993258	2.052239	0.000000	0.000000	0.000000	1.000000	43	1464723503.023976	-417.748700	309.705500	68.336400	-2.101600	-1.987000	-0.731300	
1464723503.071493	0	0.52851	0.999000	0.038000	0.015000	-0.422000	-0.040000	0.986000	0.161000	0.053000	-0.009000	-0.162000	0.987000	2.173000	0.000000	0.000000	0.000000	1.000000	38	1464723503.060032	-420.346300	307.168900	68.172300	-2.098700	-1.979900	-0.728800	
1464723503.407142	0	0.33498	0.999000	0.038000	0.015000	-0.422000	-0.040000	0.986000	0.161000	0.053000	-0.009000	-0.162000	0.987000	2.173000	0.000000	0.000000	0.000000	1.000000	335	1464723503.396089	-444.600200	283.527300	66.312800	-2.057700	-1.908100	-0.707600	
1464723503.744142	0	0.33534	0.999000	0.038000	0.015000	-0.422000	-0.040000	0.986000	0.161000	0.053000	-0.009000	-0.162000	0.987000	2.173000	0.000000	0.000000	0.000000	1.000000	337	1464723503.744037	-469.611200	258.929100	63.692200	-1.993100	-1.815600	-0.675200	
1464723504.092399	0	0.34727	0.999000	0.038000	0.015000	-0.422000	-0.040000	0.986000	0.161000	0.053000	-0.009000	-0.162000	0.987000	2.173000	0.000000	0.000000	0.000000	1.000000	348	1464723504.092117	-494.480900	234.285900	60.370500	-1.905900	-1.704500	-0.637400	
1464723504.428133	0	0.33390	0.999000	0.038000	0.015000	-0.422000	-0.040000	0.986000	0.161000	0.053000	-0.009000	-0.162000	0.987000	2.173000	0.000000	0.000000	0.000000	1.000000	335	1464723504.428076	-518.353700	210.427300	56.512900	-1.798800	-1.580900	-0.593500	
1464723504.815274	1	0.38604	0.999506	0.016053	0.027023	-0.324083	-0.018894	0.993927	0.108407	-0.054505	-0.025119	-0.108864	0.993739	2.071636	0.000000	0.000000	0.000000	1.000000	387	1464723504.812048	-545.453500	183.129200	51.326200	-1.648900	-1.420700	-0.536200	
1464723504.852007	0	0.42278	0.999000	0.038000	0.015000	-0.422000	-0.040000	0.986000	0.161000	0.053000	-0.009000	-0.162000	0.987000	2.173000	0.000000	0.000000	0.000000	1.000000	36	1464723504.847979	-547.990700	180.554300	50.791400	-1.633300	-1.405100	-0.529500	
1464723505.179446	0	0.32675	0.999000	0.038000	0.015000	-0.422000	-0.040000	0.986000	0.161000	0.053000	-0.009000	-0.162000	0.987000	2.173000	0.000000	0.000000	0.000000	1.000000	327	1464723505.172034	-570.664000	157.473600	45.686900	-1.481400	-1.253200	-0.473900	
1464723505.507017	0	0.32655	0.999000	0.038000	0.015000	-0.422000	-0.040000	0.986000	0.161000	0.053000	-0.009000	-0.162000	0.987000	2.173000	0.000000	0.000000	0.000000	1.000000	327	1464723505.496039	-593.184700	134.349600	39.978400	-1.308100	-1.088400	-0.411800	
1464723505.850889	0	0.34260	0.999000	0.038000	0.015000	-0.422000	-0.040000	0.986000	0.161000	0.053000	-0.009000	-0.162000	0.987000	2.173000	0.000000	0.000000	0.000000	1.000000	343	1464723505.843994	-617.154800	109.482200	33.202500	-1.095600	-0.897400	-0.338200	
1464723506.178366	0	0.32540	0.999000	0.038000	0.015000	-0.422000	-0.040000	0.986000	0.161000	0.053000	-0.009000	-0.162000	0.987000	2.173000	0.000000	0.000000	0.000000	1.000000	327	1464723506.168058	-639.276800	86.337200	26.289400	-0.875200	-0.706900	-0.266300	
1464723506.576093	1	0.39702	0.999089	0.032882	0.027191	-0.446515	-0.035802	0.992721	0.114996	0.084237	-0.023212	-0.115865	0.992994	2.112404	0.000000	0.000000	0.000000	1.000000	397	1464723506.576024	-666.821900	57.150600	16.720000	-0.565500	-0.451100	-0.163600	
1464723506.610663	0	0.43160	0.999000	0.038000	0.015000	-0.422000	-0.040000	0.986000	0.161000	0.053000	-0.009000	-0.162000	0.987000	2.173000	0.000000	0.000000	0.000000	1.000000	34	1464723506.599950	-668.431700	55.431500	16.130700	-0.545800	-0.435400	-0.158000	
1464723507.003462	1	0.39177	0.999148	0.034855	0.022106	-0.485628	-0.037070	0.993314	0.109327	0.131168	-0.018147	-0.110053	0.993760	2.121670	0.000000	0.000000	0.000000	1.000000	392	1464723506.996012	-694.819100	27.104200	5.916100	-0.207800	-0.170200	-0.051500	
1464723507.036293	0	0.42466	0.999000	0.038000	0.015000	-0.422000	-0.040000	0.986000	0.161000	0.053000	-0.009000	-0.162000	0.987000	2.173000	0.000000	0.000000	0.000000	1.000000	32	1464723507.031894	-697.172000	24.536300	4.949000	-0.175100	-0.144700	-0.041400	
1464723507.356382	0	0.31910	0.999000	0.038000	0.015000	-0.422000	-0.040000	0.986000	0.161000	0.053000	-0.009000	-0.162000	0.987000	2.173000	0.000000	0.000000	0.000000	1.000000	319	1464723507.355952	-708.784000	12.022400	0.088200	-0.010400	-0.014900	0.003800	
1464723507.688198	0	0.33106	0.999000	0.038000	0.015000	-0.422000	-0.040000	0.986000	0.161000	0.053000	-0.009000	-0.162000	0.987000	2.173000	0.000000	0.000000	0.000000	1.000000	331	1464723507.679988	-708.908500	11.829800	0.039700	-0.014200	-0.019100	0.010700	
1464723508.079667	1	0.39030	0.998682	0.050058	0.011360	-0.530016	-0.050858	0.994909	0.087005	0.185136	-0.006947	-0.087468	0.996143	2.145488	0.000000	0.000000	0.000000	1.000000	391	1464723508.075892	-708.912900	11.780000	0.037000	-0.011100	-0.019400	0.011200	
1464723508.119090	1	0.42977	0.998735	0.049070	0.011009	-0.528829	-0.049862	0.994707	0.089844	0.186223	-0.006542	-0.090280	0.995895	2.147818	0.000000	0.000000	0.000000	1.000000	39	1464723508.111968	-708.912700	11.777600	0.036700	-0.010800	-0.019300	0.011100	
1464723508.156122	1	0.46673	0.998687	0.049891	0.011585	-0.529838	-0.050805	0.993635	0.100537	0.185335	-0.006495	-0.100994	0.994866	2.151541	0.000000	0.000000	0.000000	1.000000	37	1464723508.147895	-708.912700	11.777600	0.036700	-0.010800	-0.019300	0.011100	
1464723508.195260	1	0.50593	0.998717	0.049243	0.011803	-0.529319	-0.050216	0.993138	0.105615	0.185657	-0.006521	-0.106072	0.994337	2.153236	0.000000	0.000000	0.000000	1.000000	39	1464723508.183987	-708.916400	11.774600	0.035300	-0.010800	-0.019400	0.011200	
1464723508.233233	1	0.54383	0.998762	0.048415	0.011466	-0.529049	-0.049352	0.993257	0.104905	0.186533	-0.006310	-0.105341	0.994416	2.154009	0.000000	0.000000	0.000000	1.000000	37	1464723508.231872	-708.916700	11.776500	0.036700	-0.010600	-0.019400	0.011000	
1464723508.268394	1	0.57901	0.998736	0.048631	0.012680	-0.529847	-0.049750	0.992421	0.112360	0.185876	-0.007120	-0.112849	0.993587	2.155250	0.000000	0.000000	0.000000	1.000000	35	1464723508.267833	-708.917100	11.776600	0.036700	-0.010500	-0.019500	0.010900	
1464723508.309256	1	0.61991	0.998775	0.047692	0.013160	-0.529184	-0.048859	0.992639	0.110820	0.185877	-0.007778	-0.111327	0.993753	2.153977	0.000000	0.000000	0.000000	1.000000	40	1464723508.303984	-708.916900	11.774200	0.036400	-0.010500	-0.019500	0.010900	
1464723508.346143	1	0.65677	0.998793	0.047620	0.012048	-0.528682	-0.048620	0.993329	0.104566	0.186934	-0.006988	-0.105026	0.994445	2.153305	0.000000	0.000000	0.000000	1.000000	36	1464723508.339863	-708.916900	11.774200	0.036400	-0.010500	-0.019500	0.010900	
1464723508.386551	1	0.69723	0.998764	0.047752	0.013799	-0.529433	-0.048963	0.992983	0.107644	0.186563	-0.008562	-0.108186	0.994094	2.153822	0.000000	0.000000	0.000000	1.000000	40	1464723508.375880	-708.916900	11.774200	0.036400	-0.010500	-0.019500	0.010900	
1464723508.424240	1	0.73490	0.998742	0.047983	0.014559	-0.529907	-0.049310	0.992546	0.111453	0.185906	-0.009102	-0.112031	0.993663	2.154207	0.000000	0.000000	0.000000	1.000000	37	1464723508.423824	-708.917200	11.776100	0.037800	-0.010500	-0.019500	0.010600	
1464723508.461387	1	0.77202	0.998756	0.047448	0.015327	-0.529053	-0.048816	0.993092	0.106702	0.186178	-0.010158	-0.107317	0.994173	2.152648	0.000000	0.000000	0.000000	1.000000	37	1464723508.459883	-708.916800	11.774700	0.036400	-0.010500	-0.019500	0.010700	
1464723508.500928	1	0.81162	0.998763	0.047623	0.014272	-0.529225	-0.048863	0.993249	0.105212	0.186419	-0.009165	-0.105780	0.994347	2.153221	0.000000	0.000000	0.000000	1.000000	39	1464723508.495881	-708.920900	11.776100	0.036700	-0.010300	-0.019600	0.010600	
1464723508.536409	1	0.84707	0.998754	0.047961	0.013825	-0.528834	-0.049161	0.993126	0.106226	0.186293	-0.008635	-0.106773	0.994246	2.152945	0.000000	0.000000	0.000000	1.000000	35	1464723508.531855	-708.920900	11.773100	0.036400	-0.010300	-0.019600	0.010700	
1464723508.572447	1	0.88304	0.998773	0.047863	0.012693	-0.528896	-0.048933	0.993277	0.104909	0.186398	-0.007586	-0.105401	0.994401	2.153150	0.000000	0.000000	0.000000	1.000000	35	1464723508.567825	-708.920900	11.776100	0.036700	-0.010300	-0.019600	0.010600	
1464723508.611410	1	0.92199	0.998749	0.048357	0.012706	-0.529648	-0.049448	0.992926	0.107949	0.186360	-0.007396	-0.108442	0.994075	2.154457	0.000000	0.000000	0.000000	1.000000	38	1464723508.603851	-708.920900	11.773100	0.036400	-0.010300	-0.019600	0.010700	
1464723508.648135	1	0.95880	0.998737	0.048396	0.013490	-0.529339	-0.049568	0.992981	0.107390	0.186025	-0.008198	-0.107923	0.994125	2.154163	0.000000	0.000000	0.000000	1.000000	37	1464723508.639892	-708.921200	11.773800	0.036400	-0.010200	-0.019600	0.010600	
1464723508.685765	1	0.99633	0.998692	0.048986	0.014665	-0.529860	-0.050309	0.992620	0.110337	0.186004	-0.009151	-0.110930	0.993786	2.154729	0.000000	0.000000	0.000000	1.000000	37	1464723508.675877	-708.921200	11.773800	0.036400	-0.010200	-0.019600	0.010600	
1464723508.723973	1	1.03464	0.998742	0.048079	0.014265	-0.529212	-0.049334	0.993016	0.107175	0.186800	-0.009013	-0.107743	0.994138	2.154067	0.000000	0.000000	0.000000	1.000000	38	1464723508.723840	-708.921600	11.775100	0.037800	-0.010200	-0.019600	0.010500	
1464723508.766155	1	1.07683	0.998739	0.048143	0.014223	-0.529486	-0.049422	0.992666	0.110321	0.186428	-0.008807	-0.110885	0.993794	2.154553	0.000000	0.000000	0.000000	1.000000	42	1464723508.759804	-708.921600	11.775100	0.037800	-0.010200	-0.019600	0.010500	
1464723508.803844	1	1.11452	0.998748	0.048352	0.012855	-0.529179	-0.049457	0.992958	0.107647	0.186653	-0.007559	-0.108148	0.994106	2.154603	0.000000	0.000000	0.000000	1.000000	37	1464723508.795806	-708.925400	11.775200	0.036700	-0.010200	-0.019700	0.010500	
1464723508.842583	1	1.15328	0.998771	0.047915	0.012665	-0.529060	-0.049004	0.992962	0.107824	0.186320	-0.007410	-0.108312	0.994089	2.154712	0.000000	0.000000	0.000000	1.000000	38	1464723508.831905	-708.925400	11.775200	0.036700	-0.010200	-0.019700	0.010500	
1464723508.879017	1	1.18968	0.998832	0.047033	0.011108	-0.528895	-0.047934	0.993430	0.103920	0.186811	-0.006148	-0.104331	0.994524	2.154170	0.000000	0.000000	0.000000	1.000000	36	1464723508.867876	-708.925400	11.775200	0.036700	-0.010200	-0.019700	0.010500	
1464723508.922770	1	1.23346	0.998806	0.047561	0.011195	-0.528944	-0.048494	0.992969	0.107988	0.186877	-0.005980	-0.108402	0.994089	2.154778	0.000000	0.000000	0.000000	1.000000	43	1464723508.915872	-708.925800	11.775300	0.036700	-0.009900	-0.019800	0.010400	
1464723508.961376	1	1.27206	0.998800	0.047767	0.010804	-0.528807	-0.048659	0.992912	0.108437	0.187002	-0.005548	-0.108832	0.994045	2.155182	0.000000	0.000000	0.000000	1.000000	38	1464723508.951830	-708.925800	11.775300	0.036700	-0.010100	-0.019800	0.010400	
1464723508.998147	1	1.30881	0.998789	0.047468	0.012968	-0.529474	-0.048572	0.993245	0.105376	0.186562	-0.007878	-0.105878	0.994348	2.154113	0.000000	0.000000	0.000000	1.000000	37	1464723508.987836	-708.925800	11.775300	0.036700	-0.009900	-0.019800	0.010400	
1464723509.033629	1	1.34431	0.998764	0.047821	0.013564	-0.529629	-0.048998	0.993088	0.106654	0.186029	-0.008369	-0.107187	0.994204	2.154511	0.000000	0.000000	0.000000	1.000000	35	1464723509.023842	-708.925800	11.775300	0.036700	-0.009900	-0.019800	0.010400	
1464723509.075441	1	1.38611	0.998787	0.047071	0.014433	-0.529025	-0.048330	0.993297	0.104999	0.186601	-0.009394	-0.105570	0.994368	2.153190	0.000000	0.000000	0.000000	1.000000	41	1464723509.071845	-708.925800	11.775300	0.036700	-0.009900	-0.019800	0.010400	
1464723509.111584	1	1.42226	0.998834	0.046226	0.013931	-0.528825	-0.047410	0.993648	0.102058	0.186760	-0.009125	-0.102599	0.994681	2.152862	0.000000	0.000000	0.000000	1.000000	36	1464723509.107858	-708.926100	11.777200	0.038100	-0.009900	-0.019800	0.010200	
1464723509.150337	1	1.46103	0.998805	0.046202	0.015934	-0.529323	-0.047609	0.993476	0.103630	0.186610	-0.011042	-0.104265	0.994488	2.152529	0.000000	0.000000	0.000000	1.000000	38	1464723509.143768	-708.926100	11.777200	0.038100	-0.009900	-0.019800	0.010200	
1464723509.187265	1	1.49792	0.998794	0.046716	0.015087	-0.529224	-0.048043	0.993339	0.104734	0.186850	-0.010093	-0.105332	0.994386	2.152806	0.000000	0.000000	0.000000	1.000000	37	1464723509.179832	-708.926100	11.777200	0.038100	-0.009900	-0.019800	0.010200	
1464723509.224459	1	1.53515	0.998768	0.046993	0.015938	-0.529697	-0.048431	0.993099	0.106808	0.186312	-0.010809	-0.107449	0.994152	2.152871	0.000000	0.000000	0.000000	1.000000	37	1464723509.215787	-708.929800	11.777300	0.037000	-0.009900	-0.019900	0.010200	
1464723509.269874	1	1.58057	0.998780	0.047102	0.014802	-0.529532	-0.048416	0.993106	0.106750	0.186468	-0.009672	-0.107337	0.994176	2.153465	0.000000	0.000000	0.000000	1.000000	45	1464723509.263865	-708.929800	11.777300	0.037000	-0.009900	-0.019900	0.010200	
1464723509.307011	1	1.61762	0.998781	0.046997	0.015078	-0.529700	-0.048352	0.993003	0.107732	0.186506	-0.009909	-0.108330	0.994066	2.153659	0.000000	0.000000	0.000000	1.000000	37	1464723509.299860	-708.929800	11.777300	0.037000	-0.009900	-0.019900	0.010200	
1464723509.343877	1	1.65451	0.998820	0.046502	0.014008	-0.528865	-0.047703	0.993509	0.103269	0.187233	-0.009114	-0.103815	0.994555	2.153449	0.000000	0.000000	0.000000	1.000000	36	1464723509.335815	-708.929800	11.777300	0.037000	-0.009900	-0.019900	0.010200	
1464723509.380281	1	1.69093	0.998788	0.046560	0.015945	-0.528894	-0.047943	0.993672	0.101579	0.186926	-0.011115	-0.102220	0.994700	2.152366	0.000000	0.000000	0.000000	1.000000	36	1464723509.371840	-708.929800	11.777300	0.037000	-0.009900	-0.019900	0.010200	
1464723509.421134	1	1.73174	0.998814	0.046154	0.015529	-0.529598	-0.047479	0.993867	0.099869	0.187058	-0.010824	-0.100488	0.994879	2.152776	0.000000	0.000000	0.000000	1.000000	41	1464723509.419850	-708.929800	11.777300	0.037000	-0.009900	-0.019900	0.010200	
1464723509.459499	1	1.77017	0.998789	0.046295	0.016641	-0.529526	-0.047718	0.993963	0.098794	0.186934	-0.011966	-0.099469	0.994969	2.152750	0.000000	0.000000	0.000000	1.000000	38	1464723509.455862	-708.929800	11.777300	0.037000	-0.009900	-0.019900	0.010200	
1464723509.496721	1	1.80740	0.998791	0.046883	0.014773	-0.529411	-0.048157	0.993532	0.102833	0.186600	-0.009856	-0.103420	0.994589	2.153574	0.000000	0.000000	0.000000	1.000000	37	1464723509.491766	-708.929800	11.777300	0.037000	-0.009900	-0.019900	0.010200	
1464723509.533079	1	1.84373	0.998770	0.047264	0.014966	-0.529520	-0.048566	0.993409	0.103831	0.186383	-0.009959	-0.104430	0.994482	2.153276	0.000000	0.000000	0.000000	1.000000	36	1464723509.527859	-708.930300	11.778600	0.038500	-0.010000	-0.019900	0.010100	
1464723509.575986	1	1.88663	0.998716	0.048362	0.015064	-0.529797	-0.049695	0.993074	0.106461	0.185908	-0.009811	-0.107073	0.994203	2.153805	0.000000	0.000000	0.000000	1.000000	42	1464723509.575912	-708.930300	11.778600	0.038500	-0.010000	-0.019900	0.010100	
1464723509.618647	1	1.92929	0.998713	0.048249	0.015648	-0.529421	-0.049655	0.992973	0.107418	0.186399	-0.010355	-0.108057	0.994091	2.153102	0.000000	0.000000	0.000000	1.000000	43	1464723509.611875	-708.930300	11.778600	0.038500	-0.010000	-0.019900	0.010100	
1464723509.654958	1	1.96560	0.998713	0.048238	0.015689	-0.528986	-0.049650	0.992954	0.107595	0.185719	-0.010388	-0.108236	0.994071	2.152306	0.000000	0.000000	0.000000	1.000000	36	1464723509.647894	-708.930300	11.778600	0.038500	-0.010000	-0.019900	0.010100	
1464723509.690444	1	2.00106	0.998789	0.047436	0.013023	-0.528647	-0.048551	0.993193	0.105880	0.186513	-0.007912	-0.106384	0.994294	2.152940	0.000000	0.000000	0.000000	1.000000	35	1464723509.683828	-708.930300	11.778600	0.038500	-0.010000	-0.019900	0.010100	
1464723509.727491	1	2.03812	0.998750	0.048024	0.013850	-0.529601	-0.049240	0.992955	0.107778	0.186581	-0.008577	-0.108326	0.994078	2.154216	0.000000	0.000000	0.000000	1.000000	36	1464723509.719813	-708.930300	11.778600	0.038500	-0.010000	-0.019900	0.010100	
1464723509.766660	1	2.07733	0.998747	0.048062	0.013964	-0.529877	-0.049299	0.992836	0.108837	0.186501	-0.008633	-0.109389	0.993962	2.154561	0.000000	0.000000	0.000000	1.000000	39	1464723509.755921	-708.930300	11.778600	0.038500	-0.010000	-0.019900	0.010100	
1464723509.804262	1	2.11496	0.998757	0.048080	0.013105	-0.528977	-0.049219	0.992898	0.108307	0.186674	-0.007805	-0.108817	0.994031	2.154779	0.000000	0.000000	0.000000	1.000000	37	1464723509.803799	-708.930300	11.778600	0.038500	-0.010000	-0.019900	0.010100	
1464723509.840014	1	2.15067	0.998761	0.047947	0.013301	-0.529060	-0.049125	0.992679	0.110337	0.186628	-0.007913	-0.110854	0.993805	2.154695	0.000000	0.000000	0.000000	1.000000	35	1464723509.839810	-708.930300	11.778600	0.038500	-0.010000	-0.019900	0.010100	
1464723509.877395	1	2.18809	0.998789	0.047405	0.013140	-0.529118	-0.048541	0.993087	0.106871	0.187264	-0.007982	-0.107380	0.994186	2.154432	0.000000	0.000000	0.000000	1.000000	37	1464723509.875811	-708.930300	11.778600	0.038500	-0.010000	-0.019900	0.010100	
1464723509.916509	1	2.22713	0.998808	0.047040	0.013007	-0.529028	-0.048169	0.993027	0.107597	0.186756	-0.007855	-0.108095	0.994110	2.154527	0.000000	0.000000	0.000000	1.000000	39	1464723509.911876	-708.931200	11.780100	0.039900	-0.009900	-0.020000	0.010000	
1464723509.953545	1	2.26421	0.998822	0.046585	0.013589	-0.529262	-0.047751	0.993394	0.104349	0.186998	-0.008639	-0.104875	0.994448	2.153795	0.000000	0.000000	0.000000	1.000000	36	1464723509.947913	-708.930700	11.778700	0.038500	-0.010100	-0.020000	0.010100	
1464723509.990652	1	2.30127	0.998862	0.045623	0.013883	-0.529242	-0.046791	0.993822	0.100636	0.186687	-0.009206	-0.101171	0.994826	2.153243	0.000000	0.000000	0.000000	1.000000	37	1464723509.983838	-708.931200	11.780100	0.039900	-0.009900	-0.020000	0.010000	
1464723510.027112	1	2.33769	0.998824	0.046229	0.014615	-0.529522	-0.047474	0.993740	0.101128	0.186920	-0.009849	-0.101703	0.994766	2.153615	0.000000	0.000000	0.000000	1.000000	36	1464723510.019842	-708.931200	11.780100	0.039900	-0.009900	-0.020000	0.010000	
1464723510.065154	1	2.37577	0.998800	0.046921	0.014059	-0.529693	-0.048109	0.993670	0.101518	0.187024	-0.009207	-0.102073	0.994734	2.153916	0.000000	0.000000	0.000000	1.000000	38	1464723510.055805	-708.931200	11.780100	0.039900	-0.009900	-0.020000	0.010000	
1464723510.102136	1	2.41285	0.998774	0.046827	0.016062	-0.529661	-0.048252	0.993368	0.104360	0.186654	-0.011069	-0.105007	0.994410	2.153526	0.000000	0.000000	0.000000	1.000000	37	1464723510.091865	-708.930700	11.780000	0.039900	-0.010000	-0.019900	0.010000	
1464723510.138375	1	2.44896	0.998772	0.047051	0.015505	-0.529713	-0.048407	0.993456	0.103450	0.186509	-0.010536	-0.104074	0.994514	2.154022	0.000000	0.000000	0.000000	1.000000	35	1464723510.127872	-708.931200	11.780100	0.039900	-0.009900	-0.020000	0.010000	
1464723510.174628	1	2.48527	0.998757	0.047745	0.014287	-0.529635	-0.049002	0.993058	0.106934	0.186158	-0.009082	-0.107501	0.994164	2.154855	0.000000	0.000000	0.000000	1.000000	36	1464723510.163816	-708.931200	11.780100	0.039900	-0.009900	-0.020000	0.010000	
1464723510.212596	1	2.52317	0.998748	0.047130	0.016766	-0.529046	-0.048628	0.993345	0.104410	0.186677	-0.011733	-0.105094	0.994393	2.152203	0.000000	0.000000	0.000000	1.000000	37	1464723510.211825	-708.931100	11.777100	0.039600	-0.009900	-0.020000	0.010100	
1464723510.250708	1	2.56141	0.998718	0.048041	0.015946	-0.529759	-0.049496	0.992811	0.108983	0.186382	-0.010596	-0.109632	0.993916	2.154042	0.000000	0.000000	0.000000	1.000000	38	1464723510.247843	-708.931200	11.780100	0.039900	-0.009900	-0.020000	0.010000	
1464723510.286832	1	2.59749	0.998738	0.047937	0.015002	-0.529447	-0.049272	0.993033	0.107044	0.186657	-0.009766	-0.107648	0.994141	2.154163	0.000000	0.000000	0.000000	1.000000	36	1464723510.283849	-708.931100	11.777100	0.039600	-0.009900	-0.020000	0.010100	
1464723510.323721	1	2.63440	0.998725	0.048070	0.015428	-0.529311	-0.049461	0.992897	0.108210	0.186394	-0.010116	-0.108835	0.994008	2.154213	0.000000	0.000000	0.000000	1.000000	36	1464723510.319792	-708.931200	11.780100	0.039900	-0.009900	-0.020000	0.010000	
1464723510.371341	1	2.68193	0.998716	0.048281	0.015352	-0.529222	-0.049689	0.992593	0.110864	0.186110	-0.009886	-0.111485	0.993717	2.153829	0.000000	0.000000	0.000000	1.000000	47	1464723510.367916	-708.931200	11.780100	0.039900	-0.009900	-0.020000	0.010000	
1464723510.408207	1	2.71889	0.998755	0.047797	0.014310	-0.528802	-0.049057	0.993049	0.106988	0.186254	-0.009097	-0.107557	0.994157	2.153029	0.000000	0.000000	0.000000	1.000000	37	1464723510.403907	-708.931200	11.780100	0.039900	-0.009900	-0.020000	0.010000	
1464723510.445864	1	2.75655	0.998728	0.048317	0.014439	-0.529226	-0.049633	0.992477	0.111918	0.186183	-0.008922	-0.112492	0.993613	2.153788	0.000000	0.000000	0.000000	1.000000	37	1464723510.439864	-708.927500	11.780000	0.041000	-0.009900	-0.019900	0.010000	
1464723510.482764	1	2.79331	0.998781	0.047296	0.014103	-0.528615	-0.048526	0.993189	0.105932	0.186173	-0.008997	-0.106488	0.994273	2.152409	0.000000	0.000000	0.000000	1.000000	36	1464723510.475857	-708.931200	11.780100	0.039900	-0.009900	-0.020000	0.010000	
1464723510.522976	1	2.83366	0.998781	0.047214	0.014384	-0.528931	-0.048478	0.993161	0.106210	0.186155	-0.009271	-0.106778	0.994240	2.152854	0.000000	0.000000	0.000000	1.000000	40	1464723510.511865	-708.931100	11.777100	0.039600	-0.009900	-0.020000	0.010100	
1464723510.561802	1	2.87244	0.998752	0.047873	0.014224	-0.529383	-0.049127	0.993003	0.107384	0.186010	-0.008983	-0.107949	0.994116	2.153073	0.000000	0.000000	0.000000	1.000000	38	1464723510.559814	-708.931200	11.780100	0.039900	-0.009900	-0.020000	0.010000	
1464723510.599239	1	2.90989	0.998732	0.047957	0.015313	-0.529401	-0.049320	0.993078	0.106596	0.185977	-0.010095	-0.107217	0.994184	2.152829	0.000000	0.000000	0.000000	1.000000	37	1464723510.595978	-708.931200	11.780100	0.039900	-0.009900	-0.020000	0.010000	
1464723510.637309	1	2.94797	0.998718	0.048205	0.015433	-0.529402	-0.049599	0.992861	0.108472	0.186011	-0.010094	-0.109098	0.993980	2.153219	0.000000	0.000000	0.000000	1.000000	37	1464723510.631816	-708.931100	11.780700	0.039900	-0.009900	-0.020000	0.009900	
1464723510.684122	1	2.99474	0.998714	0.048215	0.015674	-0.528971	-0.049634	0.992864	0.108432	0.186504	-0.010335	-0.109071	0.993980	2.153385	0.000000	0.000000	0.000000	1.000000	46	1464723510.679791	-708.931200	11.780100	0.039900	-0.009900	-0.020000	0.010000	
1464723510.716533	1	3.02716	0.998759	0.048202	0.012564	-0.529001	-0.049282	0.992880	0.108447	0.186964	-0.007247	-0.108932	0.994023	2.154818	0.000000	0.000000	0.000000	1.000000	32	1464723510.715821	-708.927500	11.780000	0.041000	-0.009900	-0.019900	0.010000	
1464723510.752168	1	3.06283	0.998800	0.047617	0.011423	-0.528900	-0.048578	0.992901	0.108568	0.186315	-0.006172	-0.108993	0.994023	2.154826	0.000000	0.000000	0.000000	1.000000	35	1464723510.751776	-708.931100	11.780700	0.039900	-0.009900	-0.020000	0.009900	
1464723510.790330	1	3.10103	0.998794	0.047359	0.012923	-0.528855	-0.048476	0.993020	0.107526	0.186569	-0.007740	-0.108023	0.994118	2.153597	0.000000	0.000000	0.000000	1.000000	38	1464723510.787750	-708.931100	11.777100	0.039600	-0.009900	-0.020000	0.010100	
1464723510.825326	1	3.13600	0.998820	0.046975	0.012307	-0.528531	-0.048024	0.993092	0.107062	0.186869	-0.007192	-0.107527	0.994176	2.153895	0.000000	0.000000	0.000000	1.000000	34	1464723510.823797	-708.931100	11.780700	0.039900	-0.009900	-0.020000	0.009900	
1464723510.867302	1	3.17799	0.998830	0.046619	0.012871	-0.529148	-0.047731	0.993107	0.107054	0.186463	-0.007791	-0.107543	0.994170	2.153108	0.000000	0.000000	0.000000	1.000000	42	1464723510.859792	-708.931200	11.780100	0.039900	-0.009900	-0.020000	0.010000	
1464723510.904429	1	3.21509	0.998826	0.046984	0.011822	-0.529263	-0.047966	0.993347	0.104698	0.187057	-0.006824	-0.105143	0.994434	2.153640	0.000000	0.000000	0.000000	1.000000	37	1464723510.895858	-708.931100	11.777100	0.039600	-0.009900	-0.020000	0.010100	
1464723510.942471	1	3.25313	0.998776	0.047649	0.013252	-0.529045	-0.048807	0.992918	0.108313	0.186449	-0.007998	-0.108828	0.994028	2.153538	0.000000	0.000000	0.000000	1.000000	37	1464723510.931852	-708.931200	11.780100	0.039900	-0.009900	-0.020000	0.010000	
1464723510.978028	1	3.28871	0.998806	0.047433	0.011730	-0.528305	-0.048416	0.993118	0.106638	0.186623	-0.006591	-0.107078	0.994229	2.153667	0.000000	0.000000	0.000000	1.000000	35	1464723510.967776	-708.931200	11.780100	0.039900	-0.009900	-0.020000	0.010000	
1464723511.020374	1	3.33091	0.998775	0.047927	0.012293	-0.529172	-0.048994	0.992676	0.110430	0.186042	-0.006911	-0.110897	0.993808	2.154330	0.000000	0.000000	0.000000	1.000000	42	1464723511.015799	-708.931000	11.777600	0.039600	-0.009900	-0.020000	0.010000	
1464723511.056922	1	3.36756	0.998808	0.047334	0.011938	-0.528950	-0.048351	0.992919	0.108505	0.186356	-0.006717	-0.108953	0.994024	2.154579	0.000000	0.000000	0.000000	1.000000	36	1464723511.051774	-708.931100	11.780700	0.039900	-0.009900	-0.020000	0.009900	
1464723511.094344	1	3.40501	0.998810	0.047340	0.011694	-0.528487	-0.048335	0.992855	0.109096	0.186838	-0.006446	-0.109531	0.993962	2.154205	0.000000	0.000000	0.000000	1.000000	37	1464723511.087758	-708.931100	11.780700	0.039900	-0.009900	-0.020000	0.009900	
1464723511.130653	1	3.44130	0.998857	0.046322	0.011751	-0.528289	-0.047317	0.993111	0.107198	0.186737	-0.006705	-0.107631	0.994168	2.153774	0.000000	0.000000	0.000000	1.000000	36	1464723511.123747	-708.931100	11.780700	0.039900	-0.009900	-0.020000	0.009900	
1464723511.172255	1	3.48297	0.998788	0.047637	0.012418	-0.529244	-0.048706	0.992902	0.108503	0.186738	-0.007161	-0.108976	0.994019	2.154047	0.000000	0.000000	0.000000	1.000000	41	1464723511.171745	-708.931100	11.780700	0.039900	-0.009900	-0.020000	0.009900	
1464723511.209768	1	3.52035	0.998775	0.047601	0.013492	-0.529593	-0.048780	0.992976	0.107789	0.186640	-0.008266	-0.108315	0.994082	2.153496	0.000000	0.000000	0.000000	1.000000	37	1464723511.207814	-708.931200	11.780100	0.039900	-0.009900	-0.020000	0.010000	
1464723511.247781	1	3.55839	0.998781	0.047223	0.014361	-0.529228	-0.048466	0.993365	0.104290	0.186771	-0.009341	-0.104859	0.994443	2.152729	0.000000	0.000000	0.000000	1.000000	37	1464723511.243855	-708.931200	11.780100	0.039900	-0.009900	-0.020000	0.010000	
1464723511.283073	1	3.59370	0.998770	0.047491	0.014233	-0.528864	-0.048730	0.993241	0.105346	0.186873	-0.009134	-0.105910	0.994334	2.152721	0.000000	0.000000	0.000000	1.000000	35	1464723511.279806	-708.931200	11.780100	0.039900	-0.009900	-0.020000	0.010000	
1464723511.321605	1	3.63223	0.998749	0.048023	0.013935	-0.529394	-0.049252	0.992905	0.108232	0.186585	-0.008639	-0.108782	0.994028	2.154131	0.000000	0.000000	0.000000	1.000000	38	1464723511.315824	-708.931200	11.780100	0.039900	-0.009900	-0.020000	0.010000	
1464723511.359113	1	3.66978	0.998781	0.047644	0.012916	-0.529303	-0.048743	0.993230	0.105440	0.186491	-0.007805	-0.105941	0.994342	2.154562	0.000000	0.000000	0.000000	1.000000	37	1464723511.351859	-708.931100	11.780700	0.039900	-0.009900	-0.020000	0.009900	
1464723511.395416	1	3.70606	0.998772	0.048056	0.012080	-0.528620	-0.049072	0.993097	0.106542	0.185820	-0.006877	-0.107004	0.994235	2.154446	0.000000	0.000000	0.000000	1.000000	36	1464723511.387803	-708.931200	11.780100	0.039900	-0.009900	-0.020000	0.010000	
1464723511.433201	1	3.74383	0.998797	0.047618	0.011706	-0.528651	-0.048589	0.993245	0.105375	0.186538	-0.006609	-0.105817	0.994364	2.153872	0.000000	0.000000	0.000000	1.000000	37	1464723511.423828	-708.931100	11.780700	0.039900	-0.009900	-0.020000	0.009900	
1464723511.472845	1	3.78348	0.998766	0.047747	0.013678	-0.529468	-0.048931	0.993165	0.105970	0.186496	-0.008525	-0.106509	0.994275	2.153778	0.000000	0.000000	0.000000	1.000000	40	1464723511.471855	-708.931100	11.780700	0.039900	-0.009900	-0.020000	0.009900	
1464723511.511428	1	3.82206	0.998722	0.048498	0.014207	-0.528948	-0.049761	0.992794	0.109016	0.186401	-0.008817	-0.109583	0.993939	2.153615	0.000000	0.000000	0.000000	1.000000	38	1464723511.507861	-708.931100	11.780700	0.039900	-0.009900	-0.020000	0.009900	
1464723511.549821	1	3.86045	0.998764	0.047833	0.013543	-0.528865	-0.049024	0.992874	0.108621	0.186482	-0.008251	-0.109150	0.993991	2.153709	0.000000	0.000000	0.000000	1.000000	38	1464723511.543861	-708.931100	11.780700	0.039900	-0.009900	-0.020000	0.009900	
1464723511.586542	1	3.89713	0.998778	0.047802	0.012558	-0.528840	-0.048884	0.992902	0.108427	0.186158	-0.007286	-0.108908	0.994025	2.153938	0.000000	0.000000	0.000000	1.000000	36	1464723511.579848	-708.931100	11.780700	0.039900	-0.009900	-0.020000	0.009900	
1464723511.623062	1	3.93372	0.998785	0.047284	0.013867	-0.528837	-0.048524	0.992769	0.109799	0.186164	-0.008575	-0.110338	0.993857	2.153160	0.000000	0.000000	0.000000	1.000000	36	1464723511.615791	-708.931000	11.777600	0.039600	-0.009900	-0.020000	0.010000	
1464723511.662463	1	3.97315	0.998782	0.046977	0.015068	-0.529163	-0.048326	0.993050	0.107312	0.186476	-0.009922	-0.107910	0.994111	2.152852	0.000000	0.000000	0.000000	1.000000	39	1464723511.651818	-708.931500	11.782000	0.041300	-0.010000	-0.020000	0.009800	
1464723511.702911	1	4.01358	0.998824	0.046207	0.014660	-0.528800	-0.047496	0.993321	0.105151	0.186608	-0.009703	-0.105723	0.994348	2.152787	0.000000	0.000000	0.000000	1.000000	40	1464723511.699843	-708.931500	11.782000	0.041300	-0.010000	-0.020000	0.009800	
1464723511.745176	1	4.05582	0.998826	0.046463	0.013714	-0.529222	-0.047659	0.993213	0.106093	0.186246	-0.008692	-0.106622	0.994262	2.153819	0.000000	0.000000	0.000000	1.000000	42	1464723511.735924	-708.931500	11.782000	0.041300	-0.010000	-0.020000	0.009800	
1464723511.782804	1	4.09346	0.998827	0.046232	0.014414	-0.528894	-0.047464	0.993657	0.101941	0.186562	-0.009610	-0.102505	0.994686	2.152349	0.000000	0.000000	0.000000	1.000000	37	1464723511.771869	-708.931100	11.780700	0.039900	-0.009900	-0.020000	0.009900	
1464723511.822753	1	4.13334	0.998763	0.047343	0.015189	-0.529483	-0.048685	0.993220	0.105565	0.186599	-0.010088	-0.106174	0.994296	2.153085	0.000000	0.000000	0.000000	1.000000	39	1464723511.819915	-708.931500	11.782000	0.041300	-0.010000	-0.020000	0.009800	
1464723511.858255	1	4.16891	0.998754	0.048017	0.013596	-0.529919	-0.049204	0.992981	0.107549	0.186539	-0.008336	-0.108084	0.994107	2.154316	0.000000	0.000000	0.000000	1.000000	36	1464723511.855838	-708.931500	11.782000	0.041300	-0.010000	-0.020000	0.009800	
1464723511.899801	1	4.21045	0.998736	0.048212	0.014181	-0.529683	-0.049471	0.992848	0.108655	0.186511	-0.008841	-0.109219	0.993978	2.154221	0.000000	0.000000	0.000000	1.000000	41	1464723511.891797	-708.931500	11.782000	0.041300	-0.010000	-0.020000	0.009800	
1464723511.942584	1	4.25324	0.998773	0.047440	0.014232	-0.529054	-0.048677	0.993267	0.105124	0.186417	-0.009149	-0.105688	0.994357	2.153811	0.000000	0.000000	0.000000	1.000000	42	1464723511.939842	-708.931500	11.782000	0.041300	-0.010000	-0.020000	0.009800	
1464723511.989200	1	4.29988	0.998758	0.047432	0.015273	-0.529351	-0.048794	0.993104	0.106598	0.186468	-0.010111	-0.107211	0.994185	2.153719	0.000000	0.000000	0.000000	1.000000	46	1464723511.987768	-708.931500	11.782000	0.041300	-0.010000	-0.020000	0.009800	
1464723512.021613	1	4.33227	0.998765	0.047655	0.014018	-0.528853	-0.048858	0.993374	0.104020	0.186477	-0.008968	-0.104576	0.994476	2.153066	0.000000	0.000000	0.000000	1.000000	32	1464723512.011759	-708.931500	11.782000	0.041300	-0.010000	-0.020000	0.009800	
1464723512.058512	1	4.36920	0.998732	0.048290	0.014215	-0.529534	-0.049524	0.993174	0.105609	0.186217	-0.009019	-0.106179	0.994306	2.153800	0.000000	0.000000	0.000000	1.000000	36	1464723512.047718	-708.931500	11.782000	0.041300	-0.010000	-0.020000	0.009800	
1464723512.096877	1	4.40754	0.998755	0.048071	0.013331	-0.529241	-0.049212	0.993207	0.105447	0.186498	-0.008171	-0.105972	0.994336	2.154011	0.000000	0.000000	0.000000	1.000000	38	1464723512.095754	-708.931500	11.782000	0.041300	-0.010000	-0.020000	0.009800	
