 TBase

TBase =

   -0.7152    0.6985   -0.0243    0.1782
    0.0412    0.0074   -0.9991    0.7243
   -0.6978   -0.7155   -0.0341    1.5157
         0         0         0    1.0000

>> TEnd

TEnd =

    0.0189    0.9998    0.0049   -0.2065
    0.9998   -0.0189   -0.0027   -0.0711
   -0.0026    0.0050   -1.0000    0.0025
         0         0         0    1.0000

>> pixelErr

pixelErr =

    2.5245
