TBase =

   -0.7734    0.6318    0.0509    0.1062
   -0.1567   -0.1128   -0.9812    0.5152
   -0.6142   -0.7669    0.1862    2.0000
         0         0         0    1.0000

>> TEnd

TEnd =

    0.0116    0.9979   -0.0630   -0.2094
    0.9978   -0.0075    0.0653   -0.0753
    0.0647   -0.0637   -0.9959   -0.2675
         0         0         0    1.0000

>> pixelErr

pixelErr =

   50.9528
