TBase =

   -0.7186    0.6934   -0.0529    0.2256
    0.1074    0.0355   -0.9936    0.6113
   -0.6870   -0.7197   -0.1000    1.5831
         0         0         0    1.0000

>> TEnd

TEnd =

    0.0178    0.9998    0.0125   -0.2038
    0.9998   -0.0179    0.0075   -0.0715
    0.0077    0.0123   -0.9999   -0.0007
         0         0         0    1.0000

>> pixelErr

pixelErr =

    3.2291
